#galname Br-gamma EW unc joel_low joel_mid joel_high 
IC_0691 6.50892892708 5.624165489127003 8.91496184355 10.7545771433 12.6372828576
IC_4553 10.8048821824 5.37911822525242 6.63844517627 8.45097051474 10.2593229468
IRAS_17208-0014 5.069337104020143 4.581121564630315 7.43863856186 9.48770953189 18.0230356764
Mrk_33 42.26761652810683 6.892563102538526 10.0135644437 12.9481555174 15.70677582
Mrk_1450 146.183867671 8.3171231598125 32.4672968784 35.5995927688 39.1273778189
Mrk_1490 7.833974635799501 3.513714618300645 7.02898627372 10.7922954654 15.3492835031
#NGC_2798 -3.7373323486976546 9.468883318052164
NGC_3310 14.293804850300551 7.6852033364020835 15.2952336138 18.8789635642 22.7700903911
NGC_3351 5.345333747799641 8.03480877119937 1.80541076666 2.75722716783 3.97993473023
NGC_3627 1.620813156881873 7.409728161878542 0.564372445065 1.3737353464 2.67739447033
NGC_3690 13.178731566638536 5.957178478641637 10.0044912658 11.9303344749 15.628213006
NGC_4088 4.561680422606639 7.251196327447511 3.92896074702 4.68377741991 6.54249897447
NGC_4194 16.2858574169 6.564013610018247 14.818898785 21.4293937226 25.7199583295
NGC_4254 3.6127461424645304 5.871831488076742 4.0340536363 5.32555363623 7.01928714878
NGC_4321 0.10878806162469623 5.568130150511516 2.82915320281 3.56130231628 4.39865719227
NGC_4536 4.257481802571142 5.6800048947172455 2.3226458926 3.07670063876 4.00655096106
NGC_4826 0.4758153783049984 4.12116488684348 0.227644920342 0.527358564645 0.734425662098
NGC_5055 2.141527692725955 2.7382705148052784 1.86134098327 2.34746086644 3.19520743963
NGC_5194 1.4697038966376852 3.239848061819536 3.6881100581 4.4044384287 5.26529783863
NGC_5256 1.7311937464079334 2.491591167666653 4.01305524439 6.32352716874 7.76721353705
NGC_5653 8.89543375821545 4.42471894989044 5.51184016187 7.07936555638 9.40508240239
NGC_5713 4.39388610809 7.5018424208459455 5.67640617701 6.62059554218 8.19092486171
NGC_6052 29.62427816059854 4.546829474128348 15.2733327279 17.282237865 20.2935738012
NGC_6090 18.775085554011522 10.792406842733527 11.7125808777 12.7881621408 14.2435714558